0.0,0.400871,0
0.00012778481446156078,0.39853,0
0.005025521183144263,0.41967699999999997,0
0.007747848870433354,0.40090899999999996,0
0.00813733698491219,0.40359799999999996,0
0.00826001040679529,0.398966,0
0.010522312762022762,0.410695,0
0.01155788089841925,0.723355,4
0.011893188251566386,0.409082,0
0.012296988265264918,0.418215,0
0.012929778666478566,0.402674,0
0.01297680347820042,0.409159,0
0.013142412597742605,0.705226,4
0.013232373107123543,0.41048599999999996,0
0.013509410584876206,0.395177,0
0.014120733137260314,0.71649,4
0.0141769584556234,0.7075,4
0.014375280487667742,0.409124,0
0.014562357456039468,0.40177199999999996,0
0.014628805559559479,0.40338799999999997,0
0.014815882527931205,0.698807,4
0.014818949363478282,0.408168,0
0.015018293674038317,0.41203,0
0.015261595960773129,0.70356,4
0.015324977228746062,0.41195099999999996,0
0.015702198001036588,0.709502,4
0.015716509900256286,0.412327,0
0.015758423319399677,0.403706,0
0.01585349522135908,0.412377,0
0.0159863914283991,0.397752,0
0.016090663836999735,0.39682399999999995,0
0.016345211187407165,0.40960799999999997,0
0.016528199041716117,0.40690299999999996,0
0.01661100360148721,0.40026599999999996,0
0.016819548418688476,0.691913,4
0.016990268930809124,0.402572,0
0.017086363111284215,0.40324499999999996,0
0.017407358565211657,0.411276,0
0.01741655907185289,0.39779699999999996,0
0.017628170724601235,0.417497,0
0.01764759401639939,0.711529,4
0.017711997562888018,0.717934,4
0.017792757565627725,0.39778199999999997,0
0.017891918581649895,0.413935,0
0.017976767698452373,0.402358,0
0.01810046339885116,0.406651,0
0.018172022894949638,0.418768,0
0.0183948796113706,0.408458,0
0.01845314948676507,0.39924499999999996,0
0.0184623499934063,0.414657,0
0.018542087717630315,0.701421,4
0.018566622402006936,0.7092379999999999,4
0.01860137987154048,0.401229,0
0.018751654813347278,0.396922,0
0.01882219203093006,0.422025,0
0.018968377858674085,0.718588,4
0.01902460317703717,0.6923779999999999,4
0.01903993735477256,0.705986,4
0.019074694824306102,0.40397299999999997,0
0.01911865280048088,0.395559,0
0.019179989511422427,0.40663099999999996,0
0.019359910530184307,0.707052,4
0.019626725222780046,0.708174,4
0.01964512623606251,0.7014849999999999,4
0.019795401177869303,0.40559,0
0.01980255712747915,0.707071,4
0.01985878244584224,0.409977,0
0.01995794346186441,0.40624299999999997,0
0.020104129289608436,0.721313,4
0.020177733342738296,0.413473,0
0.020261560181025078,0.41304799999999997,0
0.02035663208298448,0.400508,0
0.020635714117768527,0.6989099999999999,4
0.020826880200203023,0.393789,0
0.021045647802561216,0.403231,0
0.021215346036166167,0.708913,4
0.021230680213901554,0.702974,4
0.021346197686174805,0.710297,4
0.021457626044385288,0.706623,4
0.02147909389321483,0.7060989999999999,4
0.021489316678371756,0.40039399999999997,0
0.02153634149009361,0.7068099999999999,4
0.021575188073689924,0.413568,0
0.021742841750263493,0.40590499999999996,0
0.02178373289089119,0.707403,4
0.021811334410814887,0.408197,0
0.021816445803393352,0.712036,4
0.022029079734657387,0.707108,4
0.022187532904589722,0.397212,0
0.022195711132715262,0.411346,0
0.022283627085064817,0.395758,0
0.022290783034674664,0.704486,4
0.022317362276082667,0.400246,0
0.022323495947176825,0.405283,0
0.022390966329212527,0.386409,0
0.02249421645929747,0.716113,4
0.022498305573360237,0.408904,0
0.02279885545697383,0.40481,0
0.022860192167915377,0.705352,4
0.02290312786557446,0.707164,4
0.02293481849956093,0.413329,0
0.022986954703861247,0.409178,0
0.02300535571714371,0.40567,0
0.023048291414802795,0.414496,0
0.023219011926923442,0.71246,4
0.02342346763006194,0.721515,4
0.023504227632801647,0.703429,4
0.02352671776014688,0.40393799999999996,0
0.02355943067264904,0.6946829999999999,4
0.023565564343743194,0.40789,0
0.023611566876949357,0.70349,4
0.023680059537500752,0.7110639999999999,4
0.023768997768366,0.7081759999999999,4
0.02379455473125831,0.708637,4
0.023854869163684168,0.395458,0
0.024121683856279906,0.6916019999999999,4
0.02425764689886701,0.405636,0
0.024263780569961164,0.407331,0
0.024366008421530413,0.428749,0
0.02453468437661967,0.41158799999999995,0
0.02460419931568676,0.715672,4
0.024614422100843684,0.39804799999999996,0
0.024671669697722463,0.41319799999999995,0
0.024672691976238156,0.402387,0
0.024754474257493556,0.698973,4
0.024861813501641267,0.404576,0
0.025024355785636374,0.40869,0
0.025047868191497298,0.695309,4
0.02507240287587392,0.7097519999999999,4
0.02507751426845238,0.7030839999999999,4
0.02522165553916502,0.708843,4
0.02531161604854596,0.399452,0
0.025369885923940433,0.709326,4
0.02544553453410168,0.7095509999999999,4
0.02548438111769799,0.7110639999999999,4
0.025514027194653073,0.396213,0
0.025536517321998308,0.408821,0
0.025565141120437698,0.396644,0
0.025618299603253708,0.712106,4
0.025813554799750973,0.6880569999999999,4
0.02582582214193928,0.405535,0
0.02584626771225313,0.698978,4
0.025888181131396522,0.707865,4
0.025908626701710374,0.408356,0
0.025980186197808848,0.398349,0
0.02601903278140516,0.395576,0
0.02607525809976825,0.397014,0
0.026090592277503637,0.7041419999999999,4
0.0260957036700821,0.409333,0
0.02614170620328826,0.397292,0
0.026275624688843976,0.40458,0
0.026427944187682156,0.7093459999999999,4
0.026433055580260618,0.410045,0
0.026489280898623704,0.403592,0
0.026534261153314174,0.42058199999999996,0
0.026599686978318493,0.716656,4
0.02670498166543482,0.712629,4
0.02676631837637637,0.41092199999999995,0
0.02692272698927732,0.411244,0
0.027250878392814606,0.697279,4
0.027274390798675534,0.705486,4
0.027413420676809713,0.717816,4
0.027475779666266954,0.404101,0
0.02748089105884542,0.71794,4
0.02750235890767496,0.7051219999999999,4
0.02754836144088112,0.7021,4
0.027553472833459585,0.40074,0
0.027558584226038046,0.405507,0
0.027686369040499606,0.717156,4
0.027702725496750687,0.409364,0
0.02770885916784484,0.405676,0
0.02774054980183131,0.718417,4
0.02780802018386701,0.705703,4
0.027813131576445476,0.684569,4
0.02784277765340056,0.41365399999999997,0
0.027887757908091025,0.409692,0
0.02791024803543626,0.407228,0
0.0280002085448172,0.706503,4
0.028014520444036895,0.709579,4
0.028017587279583974,0.404964,0
0.02805336702763321,0.7034929999999999,4
0.028093235889745216,0.41628899999999996,0
0.02816479538584369,0.694145,4
0.028203641969440005,0.401414,0
0.028225109818269548,0.7075319999999999,4
0.0282588450092874,0.413715,0
0.028293602478820942,0.40482199999999996,0
0.028326315391323104,0.716317,4
0.028430587799923735,0.40931,0
0.028515436916726214,0.695705,4
0.028649355402281928,0.711553,4
0.028833365535106577,0.7169479999999999,4
0.028858922497998887,0.7172569999999999,4
0.028872212118702893,0.702334,4
0.029022487060509687,0.695684,4
0.029165606052706634,0.7120679999999999,4
0.029177873394894943,0.40429,0
0.029257611119118957,0.707782,4
0.029361883527719592,0.406892,0
0.02947637872147715,0.41459999999999997,0
0.02952953720429316,0.7056749999999999,4
0.029651188347660565,0.708633,4
0.029735015185947348,0.39904599999999996,0
0.02978408455470059,0.7080569999999999,4
0.029811686074624286,0.40748399999999996,0
0.02991186936916215,0.6921879999999999,4
0.02996196101643108,0.398683,0
0.029980362029713548,0.398507,0
0.03008974583089264,0.7192839999999999,4
0.030128592414488956,0.7001259999999999,4
0.030136770642614497,0.398213,0
0.03058146179694073,0.70928,4
0.030691867876635515,0.409922,0
0.03072560306765337,0.392244,0
0.030811474462971538,0.704222,4
0.030872811173913085,0.407064,0
0.0309116577575094,0.712727,4
0.031112024346585127,0.414904,0
0.03122651954034269,0.397182,0
0.03123674232549961,0.713986,4
0.03130319042901962,0.405929,0
0.03134612612667871,0.401304,0
0.03136861625402394,0.406232,0
0.03137168308957102,0.712778,4
0.03138088359621225,0.392937,0
0.03140337372355749,0.7152189999999999,4
0.03148617828332858,0.7121489999999999,4
0.03172334689896923,0.7106399999999999,4
0.03172539145600062,0.41237799999999997,0
0.03190837931030958,0.702726,4
0.03198198336343944,0.40370999999999996,0
0.03212408007712069,0.413203,0
0.03220279552282901,0.40493799999999996,0
0.032282533247053026,0.7031419999999999,4
0.03229684514627272,0.405402,0
0.0323132016025238,0.7068679999999999,4
0.03232955805877488,0.699114,4
0.03237556059198104,0.7201339999999999,4
0.03255957072480569,0.70644,4
0.03273131351544203,0.710634,4
0.03274562541466172,0.708849,4
0.032763004149428496,0.700137,4
0.03282127402482297,0.7078789999999999,4
0.03283763048107405,0.7047869999999999,4
0.033056398083432234,0.716722,4
0.03315453682093872,0.7113349999999999,4
0.033434641134238455,0.702305,4
0.03357469329088833,0.40916399999999997,0
0.03376994848738559,0.725059,4
0.03387217633895484,0.403607,0
0.033947824949116086,0.70914,4
0.033953958620210244,0.707271,4
0.03429437736593584,0.719641,4
0.034321978885859535,0.698751,4
0.03477791510385839,0.392696,0
0.034856630549566704,0.6978869999999999,4
0.03490263308277287,0.702959,4
0.03495170245152611,0.685206,4
0.03501815055504612,0.40014299999999997,0
0.03509175460817598,0.408176,0
0.03521749486560615,0.7010029999999999,4
0.035327900945300944,0.40248799999999996,0
0.03532892322381664,0.708936,4
0.03557427006758283,0.712656,4
0.03561004981563207,0.40043199999999995,0
0.03597193641018721,0.7092379999999999,4
0.0359729586887029,0.7190989999999999,4
0.03622648376059464,0.722822,4
0.03638698148755836,0.69878,4
0.03641253845045067,0.405059,0
0.036760113145786116,0.404897,0
0.036878697453606446,0.7033619999999999,4
0.037041239737601546,0.6991529999999999,4
0.03709439822041756,0.710453,4
0.0371025764485431,0.716804,4
0.03723956176964589,0.71644,4
0.0374828640563807,0.39912,0
0.037739455963819515,0.407252,0
0.037948000781020785,0.705193,4
0.038668707134583986,0.7112069999999999,4
0.03898356891741727,0.7060259999999999,4
0.03910828689633176,0.705846,4
0.03923402715376193,0.7105929999999999,4
0.039433371464321965,0.7103659999999999,4
0.03947732944049674,0.405146,0
0.03948959678268505,0.418697,0
0.03955502260768937,0.699145,4
0.040314575544848893,0.699182,4
0.04033502111516274,0.708847,4
0.040529254033144314,0.705665,4
0.040746999356986814,0.716102,4
0.04076131125620651,0.40701499999999996,0
0.04109150721677518,0.7184769999999999,4
0.04135321051679246,0.7108869999999999,4
0.041742698631271294,0.702206,4
0.04393548604743168,0.71307,4
0.04426977112206312,0.389488,0
0.04494754177796724,0.7010759999999999,4
0.046224367644067156,0.709411,4
0.04836195202038014,0.6967639999999999,4
0.23581614116439567,0.983039,7
0.2361790500374665,0.0,5
0.24114936818076338,0.983868,7
0.24326548470824683,0.974228,7
0.24333193281176682,0.985193,7
0.2437582229528106,0.987405,7
0.24426527309659407,0.981636,7
0.24466191716068275,0.980752,7
0.2447396103278754,0.9799549999999999,7
0.2458099359338054,0.9627479999999999,7
0.24611559720999746,0.970378,7
0.24613195366624854,0.9864529999999999,7
0.24638956785220306,0.9676549999999999,7
0.24666353849440864,0.9793729999999999,7
0.2472401035772592,0.9799589999999999,7
0.24724521496983767,0.9781789999999999,7
0.2473198413014832,0.9808239999999999,7
0.24773386410033868,0.98093,7
0.24795058714566548,0.980073,7
0.24818264436872767,0.9797359999999999,7
0.24829100589139108,0.990263,7
0.24840652336366434,0.97724,7
0.2486273355230539,0.978632,7
0.24877352135079792,0.979783,7
0.24900148945979736,0.973595,7
0.24914154161644722,0.980028,7
0.24935110871216418,0.98569,7
0.24941960137271557,0.9783689999999999,7
0.24957805454264792,0.982938,7
0.24985918113446334,0.997606,7
0.2503958773552019,0.9803149999999999,7
0.25048277102903577,0.9792139999999999,7
0.2505400186259145,0.977271,7
0.25076083078530415,0.9773879999999999,7
0.25095097458922294,0.97563,7
0.25101435585719584,0.993679,7
0.25107160345407464,0.976532,7
0.25160216600371904,0.988776,7
0.25164203486583103,0.973019,7
0.25173812904630616,0.980807,7
0.25179026525060644,0.9764079999999999,7
0.25179639892170064,0.9885109999999999,7
0.2520949042482828,0.986019,7
0.25222677817680716,0.9802339999999999,7
0.25226971387446623,0.97188,7
0.2523290060283764,0.9895959999999999,7
0.25255390730182875,0.975528,7
0.25262137768386445,0.971201,7
0.2526438678112097,0.9619759999999999,7
0.252735872877622,0.974059,7
0.2527941427530165,0.980478,7
0.25285139034989523,0.988297,7
0.25289637060458575,0.983008,7
0.25297406377177833,0.988108,7
0.2530578906100651,0.970615,7
0.25312842782764794,0.9908889999999999,7
0.2531999873237464,0.993455,7
0.2533482177085218,0.9914919999999999,7
0.2533604850507101,1.0,7
0.2544522785054697,0.985371,7
0.2544594344550795,0.981181,7
0.25458313015547834,0.999448,7
0.25484994484807405,0.975572,7
0.25489390282424884,0.9899469999999999,7
0.2549276380152667,0.9799979999999999,7
0.2549368385219079,0.986729,7
0.2549480835855805,0.980475,7
0.255072801564495,0.982066,7
0.2552281878988803,0.9796729999999999,7
0.255415264867252,0.970823,7
0.2555369160106194,0.968976,7
0.2559724066583044,0.973074,7
0.25600920868486937,0.9849859999999999,7
0.2563445160380165,0.967781,7
0.2563935854067697,0.984266,7
0.2564815013591193,0.979344,7
0.25649888009388605,0.968594,7
0.25664711047866146,0.981162,7
0.2567064026325716,0.984545,7
0.25678818491382704,0.989822,7
0.2570744228982209,0.9791829999999999,7
0.2572543439169828,0.980055,7
0.25734225986933235,0.9799439999999999,7
0.25738826240253854,0.970108,7
0.25754364873692376,0.9888399999999999,7
0.25763156468927334,0.9645809999999999,7
0.25787077786194534,0.974904,7
0.258081367236178,0.993995,7
0.258214263443218,0.9879089999999999,7
0.2582888897748636,0.989582,7
0.25858126143035165,0.979498,7
0.2586017070006655,0.9782099999999999,7
0.25870393485223475,0.990228,7
0.25881536321044524,0.9850749999999999,7
0.2591056903089019,0.9852829999999999,7
0.2591711161339062,0.9728479999999999,7
0.25918133891906314,0.963965,7
0.2591823611975788,0.990622,7
0.25931116829055606,0.967159,7
0.25934285892454256,0.9760169999999999,7
0.2593653490518878,0.991705,7
0.25958616121127737,0.9730219999999999,7
0.2599981394531014,0.982078,7
0.26004925337888607,0.983644,7
0.26005232021443314,0.9724229999999999,7
0.26009627819060793,0.9828239999999999,7
0.2601300133816258,0.9976619999999999,7
0.26040193946679996,0.972051,7
0.2605195014961046,0.9797539999999999,7
0.26106948733754715,0.9694649999999999,7
0.26113695771958284,0.981993,7
0.2611676260750536,0.9816929999999999,7
0.2613485693723312,0.968167,7
0.26139866101960013,0.970761,7
0.26150293342820075,0.9833339999999999,7
0.26155098051843834,0.972781,7
0.2618740205293971,0.9899659999999999,7
0.2619394463544015,0.976892,7
0.2620018053438587,0.988667,7
0.26241991725677694,0.9882829999999999,7
0.26258245954077203,0.986965,7
0.26281144992828714,0.989382,7
0.262898343602121,0.974441,7
0.2631600469021383,0.9759669999999999,7
0.26325818563964476,0.9757979999999999,7
0.2632714752603488,0.981772,7
0.263769324897491,0.991154,7
0.26382043882327566,0.9868969999999999,7
0.26384599578616796,0.9836199999999999,7
0.2639604909799255,0.9785069999999999,7
0.2640678302240732,0.9849279999999999,7
0.2641485902268129,0.98222,7
0.26446038517409914,0.986181,7
0.26449309808660126,0.980084,7
0.26527514115110606,0.995224,7
0.2661522561175702,0.987161,7
0.2661870135871037,0.975058,7
0.2662861746031259,0.97941,7
0.2670610617180208,0.968741,7
0.2671213761504467,0.9682379999999999,7
0.2674617948961723,0.9744609999999999,7
0.2674914409731274,0.986841,7
0.26838695695287396,0.9751759999999999,7
0.2684687392341294,0.9798,7
0.26901668051854055,0.987089,7
0.2699581990314933,0.968074,7
0.2713096512292388,0.9745959999999999,7
0.2735658199133721,0.990761,7
0.2756890923904654,0.9885619999999999,7
0.2774596787796448,0.9842299999999999,7
0.2807238140802509,0.977621,7
0.49504246033814925,0.9328329999999999,3
0.49714017585235026,0.9339109999999999,3
0.4971647105367269,0.92258,3
0.4988443141380096,0.935021,3
0.49949141643844297,0.929091,3
0.4995547977064159,0.9259379999999999,3
0.49985330303299813,0.9391459999999999,3
0.500086382534576,0.935342,3
0.5001487415240332,0.928074,3
0.5002376797548985,0.946155,3
0.5007631309119644,0.929206,3
0.5008582028139238,0.9375549999999999,3
0.5010054109201836,0.945198,3
0.501034034718623,0.950013,3
0.5015237061276396,0.943144,3
0.501905016013993,0.9412929999999999,3
0.5022188555183105,0.941121,3
0.5024028656511351,0.938654,3
0.5024059324866822,0.933468,3
0.5033198494797113,0.9403229999999999,3
0.5034711467000338,0.937365,3
0.5034864808777691,0.924662,3
0.5038882363344364,0.9390449999999999,3
0.5040149988703823,0.949549,3
0.504245011536413,0.934774,3
0.5042746576133681,0.92946,3
0.5043635958442334,0.9402229999999999,3
0.5044187988840807,0.922731,3
0.5044801355950222,0.934395,3
0.5046600566137842,0.9467519999999999,3
0.5047397943380082,0.949534,3
0.5048409999110618,0.941299,3
0.5053061366357018,0.9360959999999999,3
0.5059092809599604,0.9347209999999999,3
0.5060575113447358,0.9262549999999999,3
0.5062384546420133,0.9252509999999999,3
0.5063141032521746,0.92453,3
0.5065165143982817,0.9354079999999999,3
0.5065982966795372,0.929874,3
0.5067935518760344,0.9345209999999999,3
0.506921336690496,0.943742,3
0.5069489382104196,0.928967,3
0.5070889903670696,0.928997,3
0.507120681001056,0.923827,3
0.5071493047994954,0.945357,3
0.5071564607491053,0.9351349999999999,3
0.5073261589827102,0.9312159999999999,3
0.5077003129194536,0.943016,3
0.507861832924933,0.9344079999999999,3
0.5080029073600986,0.928792,3
0.5085079129468507,0.9281609999999999,3
0.5085651605437295,0.9234399999999999,3
0.5086817002945184,0.92336,3
0.5087553043476483,0.9289259999999999,3
0.5089842947351634,0.939321,3
0.5091805722101763,0.935406,3
0.5092337306929924,0.937283,3
0.5094340972820681,0.9238799999999999,3
0.5095046344996509,0.917808,3
0.5095659712105924,0.9433779999999999,3
0.5102866775641556,0.937685,3
0.5103827717446308,0.9322389999999999,3
0.5105739378270652,0.933956,3
0.5106485641587107,0.923438,3
0.5107814603657508,0.929487,3
0.510854042140365,0.9333809999999999,3
0.5109143565727908,0.922689,3
0.5109532031563871,0.940465,3
0.5110319186020954,0.93424,3
0.5112915773450813,0.930835,3
0.511369270512274,0.9511219999999999,3
0.5113764264618839,0.941051,3
0.5113938051966506,0.934823,3
0.5115645257087712,0.938882,3
0.5116156396345558,0.930755,3
0.5116687981173719,0.9326949999999999,3
0.5117669368548784,0.935565,3
0.5118211176162101,0.9334399999999999,3
0.5118405409080082,0.934743,3
0.511977526229111,0.925852,3
0.5122228730728772,0.9433999999999999,3
0.512323056367415,0.937083,3
0.5125305789061007,0.936234,3
0.5125500021978988,0.918661,3
0.5126777870123603,0.936483,3
0.5127933044846336,0.926099,3
0.5128106832194004,0.9296909999999999,3
0.51289859917175,0.9382729999999999,3
0.5131408791799691,0.9276669999999999,3
0.5131490574080946,0.9288919999999999,3
0.5134076938725648,0.9409909999999999,3
0.5134608523553807,0.929322,3
0.5134925429893673,0.9342229999999999,3
0.5140547961729981,0.940121,3
0.5140680857937021,0.940129,3
0.5140926204780788,0.9287839999999999,3
0.5141007987062043,0.931827,3
0.5141294225046437,0.933105,3
0.5141764473163656,0.930642,3
0.5141866701015224,0.940646,3
0.5142520959265268,0.933917,3
0.514287875674576,0.93961,3
0.5143256999796566,0.924346,3
0.5145557126456874,0.9400959999999999,3
0.5150975202590045,0.938588,3
0.5151271663359596,0.931099,3
0.5151343222855694,0.942796,3
0.515262107100031,0.9441849999999999,3
0.5152927754555018,0.9352269999999999,3
0.5154563400180125,0.927734,3
0.5155769688828642,0.932383,3
0.5158264048406932,0.9361149999999999,3
0.5160175709231277,0.93333,3
0.5162271380188447,0.932537,3
0.516372301568073,0.9366949999999999,3
0.5164469278997186,0.937766,3
0.5165961805630096,0.935646,3
0.5170163370329592,0.9257749999999999,3
0.5170633618446812,0.944008,3
0.5171206094415599,0.9457139999999999,3
0.5173812904630615,0.9359139999999999,3
0.5174681841368953,0.941124,3
0.5178730064291096,0.921739,3
0.5179333208615354,0.9388989999999999,3
0.5182665836576512,0.9315629999999999,3
0.518363700116642,0.9342849999999999,3
0.5185906459471257,0.934614,3
0.518785901143623,0.930109,3
0.5191958348284157,0.939396,3
0.5194851396483566,0.941854,3
0.5195127411682803,0.929658,3
0.5196671052241498,0.938434,3
0.5200913508081623,0.931346,3
0.5203162520816146,0.947121,3
0.5204123462620897,0.9342419999999999,3
0.5206433812066362,0.9442729999999999,3
0.5206750718406227,0.941973,3
0.5213773771809034,0.9397789999999999,3
0.5222095118926771,0.93184,3
0.523034490654841,0.934418,3
0.5233064167400151,0.9372959999999999,3
0.5238758258732559,0.9345279999999999,3
0.5243082496853938,0.932148,3
0.5244922598182185,0.930317,3
0.524872547426056,0.942,3
0.5250647357870062,0.9430099999999999,3
0.5264489008972538,0.928759,3
0.528648844263024,0.938921,3
0.5286560002126339,0.9271849999999999,3
0.5348029609274928,0.953561,3
0.5394706846301447,0.316593,5
0.5401474330075331,0.303817,5
0.5406953742919444,0.29517699999999997,5
0.5411022411411899,0.314784,5
0.5420069576275778,0.298791,5
0.542927008291701,0.320503,5
0.5447885774687771,0.307093,5
0.5449490751957408,0.29983499999999996,5
0.5451637536840361,0.304235,5
0.5453426524242824,0.311075,5
0.5453467415383452,0.307654,5
0.5453733207797531,0.307516,5
0.5464129780302124,0.310824,5
0.5464835152477951,0.303282,5
0.5467145501923417,0.299957,5
0.5471878651451073,0.305879,5
0.5473493851505867,0.30439,5
0.5477521628857696,0.30207999999999996,5
0.5479463958037512,0.300325,5
0.5487335502608344,0.313975,5
0.5490402338155421,0.30321899999999996,5
0.5490535234362461,0.320772,5
0.5496403113042536,0.307265,5
0.5500829579015484,0.310631,5
0.5500921584081897,0.312432,5
0.5504683569019645,0.317961,5
0.5505613842468925,0.29503999999999997,5
0.5506472556422106,0.30724199999999996,5
0.5507280156449503,0.29436799999999996,5
0.5507576617219054,0.298535,5
0.5508312657750353,0.309975,5
0.5509989194516088,0.31948899999999997,5
0.551244266295375,0.306482,5
0.5513679619957739,0.307199,5
0.5515499275715672,0.323022,5
0.551636821245401,0.30092199999999997,5
0.5516705564364188,0.308392,5
0.5519169255587008,0.31887,5
0.5523473048138072,0.309797,5
0.5523769508907623,0.29911299999999996,5
0.5524127306388116,0.314583,5
0.5524219311454528,0.30047599999999997,5
0.5525486936813987,0.310034,5
0.5526386541907796,0.307836,5
0.5528656000212634,0.30904499999999996,5
0.5531283255997963,0.30897199999999997,5
0.5532233975017558,0.309442,5
0.5532366871224598,0.30913799999999997,5
0.5533307367459035,0.30910499999999996,5
0.5533685610509841,0.316185,5
0.5533828729502037,0.312402,5
0.553389006621298,0.310965,5
0.5533951402923921,0.29672299999999996,5
0.5534503433322395,0.306886,5
0.5536292420724857,0.307018,5
0.5536977347330371,0.29861099999999996,5
0.5548539317342852,0.299255,5
0.5548733550260834,0.300511,5
0.5551371028831321,0.29919,5
0.5553476922573647,0.309874,5
0.5553834720054139,0.31129,5
0.5553916502335395,0.30873,5
0.5556155292284761,0.299064,5
0.5557003783452786,0.311546,5
0.5562421859585956,0.309736,5
0.556281032542192,0.312965,5
0.5564425525476714,0.310182,5
0.5565079783726757,0.302964,5
0.5565314907785366,0.313092,5
0.55657340419768,0.30277699999999996,5
0.5568207955984776,0.295574,5
0.5570579642141182,0.30729999999999996,5
0.5571223677606069,0.30208399999999996,5
0.5571724594078759,0.302238,5
0.5572153951055349,0.306766,5
0.557327845742261,0.317476,5
0.5574873211907091,0.31054899999999996,5
0.5577459576551793,0.30256299999999997,5
0.5577572027188519,0.30894699999999997,5
0.5578144503157307,0.307182,5
0.5578778315837036,0.304235,5
0.5579913044989455,0.308709,5
0.5580700199446538,0.30225599999999997,5
0.5582305176716176,0.308309,5
0.5582632305841198,0.314855,5
0.5582969657751375,0.314884,5
0.5582979880536533,0.287213,5
0.5583767034993615,0.304077,5
0.5585760478099216,0.29872099999999996,5
0.558591381987657,0.305527,5
0.5586240949001592,0.320331,5
0.5586752088259438,0.298552,5
0.5589318007333826,0.299446,5
0.5591986154259784,0.307637,5
0.5593284447974712,0.310905,5
0.5593540017603635,0.298582,5
0.559565613413112,0.304321,5
0.559595259490067,0.292219,5
0.5597445121533581,0.308422,5
0.5597567794955465,0.313837,5
0.5602771192600339,0.31601599999999996,5
0.5603691243264463,0.314674,5
0.560399792681917,0.311227,5
0.5604212605307466,0.30303199999999997,5
0.560585847371773,0.31643699999999997,5
0.5606338944620106,0.30361299999999997,5
0.56066251826045,0.287651,5
0.5609446671307811,0.310936,5
0.5611654792901707,0.303374,5
0.5622797628722754,0.305229,5
0.5624065254082213,0.31033299999999997,5
0.5627132089629291,0.30393,5
0.5628287264352023,0.30117299999999997,5
0.5630853183426412,0.309848,5
0.5631640337883494,0.307213,5
0.5633265760723446,0.309741,5
0.5637426434282314,0.30535799999999996,5
0.5638346484946437,0.308671,5
0.5638499826723792,0.31676699999999997,5
0.5639010965981638,0.301687,5
0.5639092748262893,0.31473599999999996,5
0.5639890125505134,0.308875,5
0.5640063912852801,0.303242,5
0.5643795229435078,0.31912799999999997,5
0.5644991295298438,0.31422,5
0.5645338869993775,0.300668,5
0.5645420652275029,0.309947,5
0.5646575826997762,0.311822,5
0.5648456819466636,0.310994,5
0.5648712389095559,0.312386,5
0.5649059963790894,0.30245299999999997,5
0.5653302419631019,0.30966299999999997,5
0.5653527320904471,0.310152,5
0.5654181579154514,0.302233,5
0.5659395199584546,0.31618199999999996,5
0.5660713938869789,0.31296199999999996,5
0.566127619205342,0.306898,5
0.5665314192190405,0.312527,5
0.5667522313784301,0.31584,5
0.5670313134132141,0.31785199999999997,5
0.5670354025272769,0.312492,5
0.5685913104281609,0.308238,5
0.5694898932434546,0.308822,5
0.569664702869638,0.309145,5
0.5699192502200454,0.314654,5
0.5700889484536504,0.311288,5
0.5710519348154327,0.310095,5
0.5712829697599792,0.291039,5
0.5729881303241543,0.306944,5
0.5730883136186922,0.302853,5
0.7291871761293878,0.915171,8
0.7336453327363226,0.944689,8
0.7338426324898513,0.9418599999999999,8
0.7350274532895389,0.9467709999999999,8
0.7353208472235426,0.931689,8
0.7356970457173174,0.946958,8
0.7357563378712276,0.933623,8
0.736283833585325,0.941641,8
0.7364320639701004,0.9371339999999999,8
0.7365588265060462,0.924126,8
0.7374359414725103,0.93599,8
0.7378785880698052,0.938522,8
0.7387229901237672,0.937197,8
0.738963225574955,0.9424669999999999,8
0.7391441688722326,0.9400379999999999,8
0.7395581916710879,0.93797,8
0.7395857931910117,0.9267749999999999,8
0.7402748089105884,0.941963,8
0.7403003658734807,0.936261,8
0.7403330787859829,0.929074,8
0.7405876261363903,0.9437629999999999,8
0.7407992377891387,0.941549,8
0.7408697750067215,0.940549,8
0.7411856590680704,0.9344049999999999,8
0.7413717137579264,0.937801,8
0.7421803360638393,0.949901,8
0.7424297720216682,0.938098,8
0.7424491953134663,0.9383589999999999,8
0.7426045816478516,0.945692,8
0.7429255771017791,0.9406859999999999,8
0.7430676738154604,0.937985,8
0.7436800186463601,0.943932,8
0.7437106870018309,0.939842,8
0.7439938581506776,0.928719,8
0.7440163482780229,0.9280189999999999,8
0.744139021699906,0.943091,8
0.7443036085409325,0.93772,8
0.7443332546178876,0.948707,8
0.7444763736100846,0.943056,8
0.7447084308331468,0.937696,8
0.7447575002019,0.9491959999999999,8
0.7450089807167604,0.9520679999999999,8
0.7452297928761499,0.934013,8
0.7453013523722484,0.9417209999999999,8
0.7453330430062348,0.940917,8
0.7455058080753869,0.931681,8
0.7457920460597808,0.937533,8
0.7458656501129106,0.93782,8
0.7459004075824441,0.9434619999999999,8
0.7459699225215113,0.9461879999999999,8
0.7459832121422153,0.9505349999999999,8
0.7460189918902645,0.9358609999999999,8
0.7460711280945648,0.933002,8
0.7462019797445735,0.9446519999999999,8
0.7462203807578559,0.9426669999999999,8
0.7468766835649305,0.9480679999999999,8
0.7469789114164997,0.941982,8
0.7471230526872124,0.950604,8
0.7471803002840912,0.937445,8
0.7472334587669072,0.928488,8
0.74743689219153,0.948789,8
0.747941897778282,0.953,8
0.7479449646138292,0.936804,8
0.7480563929720396,0.943272,8
0.7480809276564162,0.9342509999999999,8
0.748098306391183,0.937651,8
0.7481320415822009,0.9439409999999999,8
0.748214846141972,0.950473,8
0.7482434699404114,0.917148,8
0.7484990395693345,0.944541,8
0.7485133514685541,0.9381229999999999,8
0.7489120400896743,0.9412699999999999,8
0.7489345302170195,0.9429489999999999,8
0.7490214238908534,0.940059,8
0.7490878719943733,0.944812,8
0.7492626816205568,0.94141,8
0.7492861940264177,0.9273779999999999,8
0.7493127732678257,0.944924,8
0.7493996669416596,0.952552,8
0.7494650927666638,0.942403,8
0.7495223403635427,0.935017,8
0.7497533753080892,0.932232,8
0.7497809768280128,0.934253,8
0.7497952887272326,0.9361069999999999,8
0.749853558602627,0.95065,8
0.7501653535499132,0.946348,8
0.7502972274784375,0.9379449999999999,8
0.7503330072264868,0.952687,8
0.7505977773620511,0.948332,8
0.7507715647097188,0.938916,8
0.7508707257257411,0.9449559999999999,8
0.7509923768691085,0.921053,8
0.7510710923148167,0.9432809999999999,8
0.751109938898413,0.9322149999999999,8
0.7511109611769288,0.9235319999999999,8
0.7513041718163946,0.9445049999999999,8
0.7513716421984303,0.9438829999999999,8
0.7514503576441387,0.943862,8
0.7518020214535369,0.938769,8
0.7520166999418323,0.9351419999999999,8
0.7520647470320698,0.934681,8
0.7521894650109844,0.9400569999999999,8
0.7523765419793561,0.951568,8
0.7524204999555308,0.935388,8
0.7524307227406878,0.937515,8
0.7524460569184231,0.9483769999999999,8
0.7524542351465487,0.9298839999999999,8
0.7528498569321217,0.50071,2
0.7530369339004934,0.9422339999999999,8
0.7534202883438781,0.9437089999999999,8
0.7535521622724024,0.942114,8
0.7535971425270929,0.9342659999999999,8
0.7537739967103078,0.495274,2
0.7538067096228098,0.93328,8
0.7539508508935225,0.929778,8
0.7543198934376875,0.9484269999999999,8
0.754564218002938,0.936506,8
0.7547615177564666,0.946947,8
0.7549353051041344,0.9303619999999999,8
0.7550692235896901,0.9410179999999999,8
0.7551418053643042,0.93479,8
0.7551755405553221,0.932083,8
0.7551796296693849,0.947141,8
0.7553851076510391,0.942027,8
0.755448488919012,0.945695,8
0.7558001527284102,0.939554,8
0.7558471775401321,0.9504969999999999,8
0.755887046402244,0.9419109999999999,8
0.7559974524819388,0.9461769999999999,8
0.7564206757874355,0.94106,8
0.7564779233843143,0.952735,8
0.7564881461694712,0.930873,8
0.7566598889601076,0.942448,8
0.7570452879605236,0.935295,8
0.7573795730351551,0.924477,8
0.7576514991203293,0.930913,8
0.7577435041867416,0.931981,8
0.7580522322984807,0.9402539999999999,8
0.7580522322984807,0.943101,8
0.7581800171129424,0.948494,8
0.7584284307922556,0.939055,8
0.758616530039143,0.931541,8
0.7588179189067344,0.947446,8
0.7594118627243518,0.9359869999999999,8
0.7601836830036995,0.939608,8
0.7606140622588061,0.9397409999999999,8
0.7613265903842438,0.942132,8
0.7614247291217503,0.50979,2
0.7617293681194266,0.944816,8
0.7623836263694699,0.941993,8
0.7624357625737701,0.49993099999999996,2
0.7625032329558058,0.49375399999999997,2
0.7629346344894281,0.49815699999999996,2
0.762944857274585,0.937178,8
0.7632310952589789,0.9380229999999999,8
0.7633046993121088,0.930751,8
0.7636492071718971,0.491118,2
0.7638444623683944,0.505127,2
0.7641521682016178,0.511332,2
0.7644220497297607,0.48869399999999996,2
0.7648422061997102,0.498475,2
0.7649117211387774,0.514429,2
0.7651529788684808,0.508516,2
0.7652940533036463,0.509317,2
0.7655056649563947,0.496538,2
0.7656406057204661,0.5062519999999999,2
0.7665606563845894,0.504392,2
0.7667620452521807,0.505297,2
0.7669378771568799,0.498245,2
0.7673232761572959,0.49834199999999995,2
0.7674101698311298,0.5004259999999999,2
0.7677720564256849,0.500433,2
0.767825214908501,0.499187,2
0.7678405490862363,0.50212,2
0.7681390544128185,0.5190199999999999,2
0.7681472326409441,0.49462399999999995,2
0.7686951739253552,0.504153,2
0.7687728670925479,0.49790799999999996,2
0.7690703501406144,0.490475,2
0.7693351202761788,0.5096229999999999,2
0.7700670716934146,0.507223,2
0.7701335197969346,0.492969,2
0.7701631658738897,0.49702799999999997,2
0.770331841828979,0.49958899999999995,2
0.7703379755000731,0.5074529999999999,2
0.7703441091711672,0.508767,2
0.770441225630158,0.5043759999999999,2
0.7707223522219734,0.502405,2
0.7709768995723809,0.51162,2
0.7710198352700399,0.500968,2
0.7714686155384289,0.49998,2
0.7715687988329668,0.50469,2
0.7717947223849349,0.500468,2
0.7718744601091588,0.498602,2
0.7723242626560636,0.5075649999999999,2
0.7723569755685658,0.504906,2
0.7723712874677854,0.49436199999999997,2
0.7725604089931886,0.502974,2
0.7725634758287356,0.50162,2
0.7728170009006273,0.501699,2
0.7729488748291516,0.500158,2
0.773253513826828,0.49724199999999996,2
0.7732903158533929,0.508024,2
0.7735612196600514,0.5123019999999999,2
0.7738443908088983,0.49971899999999997,2
0.7738535913155395,0.49896799999999997,2
0.7739823984085168,0.500571,2
0.7742563690507224,0.5019819999999999,2
0.7743718865229956,0.5070669999999999,2
0.774403577156982,0.504691,2
0.7745395401995692,0.5062789999999999,2
0.7746110996956677,0.50747,2
0.7748523574253711,0.505699,2
0.7751692637652358,0.487513,2
0.7752111771843792,0.504199,2
0.7753440733914192,0.506776,2
0.77536758579728,0.5033949999999999,2
0.7754360784578315,0.508169,2
0.7754514126355668,0.5164569999999999,2
0.775757073911759,0.494206,2
0.776076024808655,0.506278,2
0.7761567848113947,0.49201399999999995,2
0.7762375448141344,0.49255099999999996,2
0.7762712800051522,0.491784,2
0.7764992481141517,0.513686,2
0.7765524065969677,0.507614,2
0.7766188547004877,0.5103599999999999,2
0.7766362334352545,0.508413,2
0.7767190379950255,0.49991399999999997,2
0.7768222881251104,0.5009669999999999,2
0.7768815802790207,0.504173,2
0.7769510952180878,0.502884,2
0.7769654071173074,0.493811,2
0.776973585345433,0.505361,2
0.7771207934516927,0.49978,2
0.7772853802927192,0.48442999999999997,2
0.777345694725145,0.506687,2
0.7774295215634318,0.49903,2
0.7775133484017186,0.505568,2
0.7780377772802689,0.512714,2
0.7780510669009729,0.504846,2
0.7781226263970713,0.5051249999999999,2
0.7781246709541028,0.48645499999999997,2
0.7781522724740264,0.507428,2
0.7782442775404388,0.5042599999999999,2
0.7782545003255956,0.52247,2
0.7783117479224745,0.484166,2
0.7785039362834246,0.503938,2
0.7785397160314739,0.50468,2
0.7785703843869447,0.504752,2
0.7785969636283526,0.510231,2
0.7786848795807022,0.499843,2
0.7787411048990653,0.514473,2
0.7788044861670382,0.475784,2
0.7791622836475306,0.5104179999999999,2
0.7795384821413054,0.511886,2
0.7796039079663097,0.514084,2
0.779639687714359,0.47886399999999996,2
0.7796672892342827,0.510351,2
0.779852321645623,0.494702,2
0.7798799231655468,0.49745399999999995,2
0.7798819677225781,0.496776,2
0.7800772229190753,0.49989,2
0.7801988740624428,0.49051,2
0.7804728447046484,0.5023759999999999,2
0.7807304588906029,0.495029,2
0.7808469986413918,0.501072,2
0.7808551768695173,0.5084299999999999,2
0.781039187002342,0.48930999999999997,2
0.7810903009281266,0.5022679999999999,2
0.7818018067750486,0.500058,2
0.7820635100750659,0.497556,2
0.7820778219742855,0.506496,2
0.7821575596985096,0.500452,2
0.7822444533723435,0.498222,2
0.7824161961629797,0.494114,2
0.7826717657919029,0.493687,2
0.7828649764313688,0.498173,2
0.7833842939173405,0.513463,2
0.7848880656139242,0.49469799999999997,2
0.7851753258768338,0.51135,2
0.7858214058987515,0.48015599999999997,2
0.785869452988989,0.507555,2
0.7861771588222124,0.500277,2
0.7861873816073693,0.49805499999999997,2
0.7868007487167848,0.49825899999999995,2
0.7869612464437485,0.506146,2
0.7873578905078372,0.47956699999999997,2
0.787398781648465,0.49714699999999995,2
0.7874826084867518,0.49959899999999996,2
0.7886469837161255,0.499648,2
0.7889996698040393,0.5027849999999999,2
0.7896242819771275,0.506316,2
0.7901067974365343,0.495228,2
0.791713819263203,0.5081249999999999,2
0.7917802673667229,0.497307,2
0.791902940788606,0.507531,2
0.7921533990249507,0.49287899999999996,2
0.792800501325384,0.49119199999999996,2
0.7972821703381799,0.5058469999999999,2
0.9080470697919765,0.303153,6
0.9097736982049811,0.277138,6
0.9110587022992066,0.298854,6
0.9118254111859759,0.28488199999999997,6
0.9118703914406664,0.29958399999999996,6
0.9120963149926344,0.294934,6
0.9122373894278,0.290169,6
0.9131860638903626,0.298691,6
0.9138955251802532,0.29489699999999996,6
0.9140110426525264,0.30588099999999996,6
0.9141664289869117,0.284003,6
0.9144240431728662,0.297568,6
0.9144874244408392,0.29320199999999996,6
0.9152111976299494,0.300523,6
0.9158245647393649,0.30453399999999997,6
0.9159073692991361,0.28773899999999997,6
0.9160014189225797,0.289216,6
0.9173068685871191,0.30735,6
0.9183925283707844,0.290696,6
0.9185571152118109,0.308419,6
0.9189036676286307,0.296966,6
0.9200240848818296,0.293865,6
0.9205106894552993,0.29254199999999997,6
0.9206640312326532,0.29408,6
0.9208091947818815,0.30139699999999997,6
0.9211363239069031,0.286054,6
0.9213182894826963,0.292946,6
0.9214205173342657,0.30404,6
0.9214654975889561,0.29103399999999996,6
0.9217732034221795,0.294409,6
0.9217762702577266,0.303326,6
0.9217977381065562,0.273435,6
0.9218887208944527,0.285493,6
0.9219408570987531,0.298176,6
0.9219633472260983,0.294585,6
0.9220696641917303,0.288672,6
0.9221442905233759,0.304702,6
0.9221954044491605,0.301346,6
0.9223559021761243,0.28464,6
0.9223559021761243,0.287809,6
0.9223783923034695,0.297323,6
0.9223855482530793,0.287641,6
0.9224806201550387,0.283138,6
0.9224939097757427,0.287561,6
0.922582848006608,0.295637,6
0.9228905538398314,0.298571,6
0.9229099771316296,0.277072,6
0.9229999376410105,0.293609,6
0.923084786757813,0.28918099999999997,6
0.9231031877710955,0.29317099999999996,6
0.9235683244957356,0.29467899999999997,6
0.9237206439945737,0.286482,6
0.9237257553871522,0.283388,6
0.9237676688062956,0.283144,6
0.9238371837453626,0.294161,6
0.9238688743793492,0.296793,6
0.9240324389418599,0.29736199999999996,6
0.924338100218052,0.295286,6
0.9244025037645406,0.289746,6
0.9245701574411141,0.30724999999999997,6
0.924670340735652,0.301016,6
0.9246928308629973,0.28843799999999997,6
0.9246928308629973,0.305699,6
0.9249044425157457,0.303103,6
0.925023026823566,0.29613,6
0.9253000643013186,0.290493,6
0.9253225544286638,0.296182,6
0.9254963417763316,0.29129499999999997,6
0.9255137205110984,0.293099,6
0.9257110202646269,0.28497,6
0.9257386217845507,0.30022299999999996,6
0.9258071144451021,0.28546,6
0.9258234709013532,0.289224,6
0.9259154759677655,0.28774299999999997,6
0.9259216096388596,0.29392799999999997,6
0.9260023696415993,0.286311,6
0.9260657509095722,0.297715,6
0.926162867368563,0.29961299999999996,6
0.9262354491431772,0.287756,6
0.9267844127061041,0.29614,6
0.9269990911943995,0.28944,6
0.927097229931906,0.301595,6
0.9272618167729325,0.289047,6
0.9274325372850531,0.300719,6
0.9275173864018555,0.297276,6
0.9276482380518642,0.28851299999999996,6
0.9277872679299984,0.294186,6
0.9278169140069535,0.282105,6
0.9278874512245363,0.28720599999999996,6
0.9279845676835271,0.302064,6
0.9280234142671234,0.292716,6
0.9283004517448761,0.282977,6
0.9283035185804231,0.288583,6
0.9283260087077684,0.29339299999999996,6
0.9284190360526964,0.292151,6
0.928762521633969,0.295668,6
0.9288443039152244,0.29820599999999997,6
0.9288627049285069,0.298016,6
0.9288882618913993,0.299197,6
0.9290702274671925,0.301994,6
0.9291152077218829,0.292881,6
0.9294689160883125,0.285724,6
0.9295956786242584,0.296116,6
0.9297848001496616,0.297324,6
0.9299800553461588,0.296128,6
0.930158954086405,0.29084899999999997,6
0.930305139914149,0.287549,6
0.9303848776383731,0.295571,6
0.9305003951106463,0.297387,6
0.930541286251274,0.28826399999999996,6
0.9306159125829195,0.290029,6
0.930634313596202,0.283078,6
0.9306424918243276,0.30172,6
0.930836724742309,0.283733,6
0.9308960168962193,0.292923,6
0.9310115343684925,0.282269,6
0.9311822548806131,0.289105,6
0.9313253738728101,0.28723299999999996,6
0.9314787156501639,0.284024,6
0.9316657926185357,0.282242,6
0.9319663425021493,0.283783,6
0.9323169840330319,0.290454,6
0.9325837987256276,0.30158199999999996,6
0.9326471799936005,0.281302,6
0.9326553582217261,0.293522,6
0.9327514524022011,0.290761,6
0.9327626974658737,0.302392,6
0.9328127891131427,0.290631,6
0.932878214938147,0.304253,6
0.9331961435565274,0.28557099999999996,6
0.9333229060924733,0.30045099999999997,6
0.9333280174850517,0.292147,6
0.9333597081190381,0.288176,6
0.934181620045655,0.284041,6
0.934197976501906,0.281235,6
0.9350761137468858,0.290747,6
0.9351016707097781,0.290933,6
0.935308170969948,0.29173499999999997,6
0.9353868864156564,0.290548,6
0.93575388440279,0.29545,6
0.9359123375727223,0.289139,6
0.9365573953161243,0.282227,6
0.9368599897567692,0.291464,6
0.9370409330540468,0.285731,6
0.9371339603989748,0.30208199999999996,6
0.9372320991364813,0.291548,6
0.9372576560993736,0.289365,6
0.9376716788982291,0.291141,6
0.9400699442960436,0.294373,6
0.9409470592625078,0.30107,6
0.9636303972472083,0.8580019999999999,1
0.9661196454329196,0.860729,1
0.9679393011908523,0.87101,1
0.9681181999310984,0.847884,1
0.9685035989315145,0.878984,1
0.9685608465283932,0.857378,1
0.9704285493765634,0.851007,1
0.9708057701488539,0.8515389999999999,1
0.970938666355894,0.8601679999999999,1
0.9710889412977007,0.8690939999999999,1
0.9711185873746558,0.86029,1
0.9712749959875567,0.858112,1
0.9713434886481082,0.856285,1
0.9715223873883544,0.867941,1
0.9718168036008739,0.8625919999999999,1
0.9723504329860653,0.8651989999999999,1
0.9725804456520961,0.852389,1
0.972587601601706,0.856432,1
0.9729576664243866,0.850783,1
0.9729750451591533,0.866478,1
0.9731345206076014,0.86285,1
0.9733532882099596,0.85615,1
0.9735873899900532,0.866545,1
0.9736569049291203,0.8601439999999999,1
0.9740208360807068,0.876676,1
0.9742753834311142,0.870026,1
0.9745861560998847,0.869632,1
0.9747936786385704,0.856313,1
0.974871371805763,0.852746,1
0.9751034290288252,0.8600629999999999,1
0.9755634543608868,0.8647849999999999,1
0.9756851055042541,0.8567159999999999,1
0.9756973728464425,0.863771,1
0.9760684599476388,0.858818,1
0.9762412250167909,0.861684,1
0.9764415916058666,0.8459599999999999,1
0.976523373887122,0.863966,1
0.9766552478156464,0.848725,1
0.976958864534807,0.861464,1
0.9770038447894975,0.868266,1
0.9771571865668514,0.864795,1
0.9774229789809314,0.8625649999999999,1
0.9774628478430434,0.863819,1
0.9774945384770298,0.8618859999999999,1
0.9775579197450028,0.8629509999999999,1
0.9775712093657069,0.865682,1
0.9775885881004736,0.861084,1
0.9775967663285992,0.853966,1
0.9778063334243161,0.8739399999999999,1
0.9781498190055887,0.8679979999999999,1
0.9782428463505167,0.866154,1
0.9783205395177094,0.8584649999999999,1
0.978435034711467,0.8598279999999999,1
0.9790044438447076,0.8578969999999999,1
0.9791322286591693,0.860312,1
0.9791342732162006,0.8656499999999999,1
0.9793806423384825,0.861464,1
0.9795523851291188,0.869294,1
0.9795534074076345,0.87118,1
0.9797098160205355,0.863818,1
0.9797323061478808,0.868474,1
0.9799868534982882,0.859547,1
0.9801739304666599,0.858695,1
0.9804509679444126,0.8648899999999999,1
0.9805930646580938,0.854754,1
0.9806901811170846,0.853397,1
0.9807106266873984,0.867904,1
0.9808067208678736,0.869398,1
0.9808987259342858,0.8587589999999999,1
0.9810183325206219,0.863447,1
0.9812248327807918,0.859629,1
0.9815376500065937,0.8589009999999999,1
0.9816756576062121,0.856869,1
0.9816858803913691,0.855486,1
0.981722682417934,0.8712909999999999,1
0.981922026728494,0.858553,1
0.9819966530601396,0.860659,1
0.9820109649593592,0.8668049999999999,1
0.9820426555933457,0.861989,1
0.9823186707925827,0.845382,1
0.9823421831984437,0.850889,1
0.9824597452277483,0.862976,1
0.9825006363683759,0.859541,1
0.9825118814320486,0.86159,1
0.9827592728328461,0.868049,1
0.982882968533245,0.8620019999999999,1
0.982952483472312,0.8747229999999999,1
0.9830802682867736,0.857625,1
0.9832898353824906,0.8710669999999999,1
0.9833532166504635,0.872339,1
0.983597541215714,0.8586499999999999,1
0.9836159422289965,0.8616429999999999,1
0.9840923240173092,0.860895,1
0.9841986409829412,0.856545,1
0.9842282870598963,0.8710049999999999,1
0.9843070025056047,0.8560249999999999,1
0.984378562001703,0.865012,1
0.98438878478686,0.8616149999999999,1
0.9843959407364699,0.8521219999999999,1
0.9844736339036625,0.8643869999999999,1
0.9845533716278865,0.8559749999999999,1
0.9846484435298459,0.863783,1
0.9847159139118816,0.855613,1
0.9847486268243838,0.844622,1
0.9850389539228405,0.847503,1
0.9852219417771494,0.8576459999999999,1
0.9852761225384811,0.861417,1
0.985352793427158,0.8627539999999999,1
0.9853742612759876,0.8542719999999999,1
0.9854897787482608,0.861259,1
0.9855950734353771,0.853845,1
0.9857238805283544,0.8695039999999999,1
0.9858905119264123,0.856143,1
0.9858956233189907,0.8551749999999999,1
0.9860970121865822,0.85996,1
0.9864415200463705,0.862888,1
0.9864568542241059,0.862514,1
0.9865365919483299,0.852518,1
0.9870436420921134,0.87178,1
0.9870467089276604,0.858799,1
0.9870528425987546,0.865548,1
0.9874627762835473,0.863942,1
0.9876304299601208,0.856317,1
0.9877500365464569,0.865734,1
0.9879943611117074,0.854849,1
0.9882836659316484,0.855321,1
0.988507544926585,0.8671949999999999,1
0.9889450801313014,0.8643719999999999,1
0.9891076224152965,0.863587,1
0.9891168229219377,0.869166,1
0.9895645809118111,0.868718,1
0.9898835318087071,0.8681669999999999,1
0.9899765591536351,0.8714609999999999,1
0.9904069384087417,0.8507659999999999,1
0.9906021936052389,0.861363,1
0.9906410401888353,0.86217,1
0.9908700305763504,0.864541,1
0.9910438179240181,0.868327,1
0.991502820977564,0.854049,1
0.9915600685744428,0.8557009999999999,1
0.9916571850334336,0.865908,1
0.9918227941529758,0.85751,1
0.9923850473366066,0.857992,1
0.9927632903874128,0.855834,1
0.993125176981968,0.855277,1
0.9933725683827656,0.8739819999999999,1
0.9941167871421897,0.8610099999999999,1
0.994245594235167,0.8624259999999999,1
0.9962850398739734,0.851625,1
1.0,0.856212,1
